0.000258 0.163132 
0.000312 0.151041 
0.000000 0.191405 
0.000000 0.151511 
0.000000 0.105226 
0.000170 0.042691 
0.000099 0.139026 
0.000014 0.128609 
0.000000 0.212295 
0.000000 0.144107 
0.000000 0.013709 
0.000000 0.041339 
0.000000 0.034643 
0.000000 0.072224 
0.000000 0.044970 
0.000000 0.105329 
0.000000 0.089074 
0.000000 0.080962 
0.000000 0.067788 
0.000000 0.085130 
0.000000 0.094966 
0.000000 0.120524 
0.000000 0.195850 
0.000000 0.123145 
0.000000 0.075769 
0.000000 0.068297 
0.000000 0.079667 
0.000000 0.098072 
0.000000 0.075944 
0.000000 0.093417 
0.000000 0.122224 
0.000000 0.113112 
0.000000 0.127209 
0.000000 0.107659 
0.000000 0.139283 
0.000000 0.032165 
0.000000 0.048899 
0.000000 0.085101 
0.000000 0.050776 
0.000000 0.066290 
0.000000 0.087335 
0.000000 0.126636 
0.000000 0.120242 
0.000000 0.111939 
0.000000 0.115959 
0.000000 0.081201 
0.000000 0.074295 
0.000000 0.071479 
0.000000 0.057009 
0.000000 0.024612 
0.000000 0.036691 
0.000000 0.024117 
0.000000 0.016714 
0.000000 0.013674 
0.000000 0.008276 
0.000000 0.003211 
0.000000 0.050032 
0.000000 0.060759 
0.000000 0.049163 
0.000000 0.068359 
0.000000 0.060624 
0.000000 0.048443 
0.000000 0.027186 
0.000000 0.038831 
0.000000 0.045603 
0.000000 0.055919 
0.000000 0.061202 
0.000000 0.050983 
0.000000 0.049470 
0.000000 0.071507 
1.549951 2.178158 
24638.000000 289800.000000 
24638.000000 289800.000000 
24638.000000 289800.000000 
24638.000000 289800.000000 
24638.000000 289800.000000 
24638.000000 289800.000000 
24638.000000 289800.000000 
24638.000000 289800.000000 
24638.000000 289800.000000 
24638.000000 289800.000000 
24638.000000 289800.000000 
24638.000000 289800.000000 
24638.000000 289800.000000 
24638.000000 289800.000000 
24638.000000 289800.000000 
